407,10
412,51
414,4
414,3
414,2
414,1
414,0
413,3
413,2
413,1
413,0
412,50
412,49
412,48
412,47
412,46
412,45
412,44
412,43
412,42
412,41
412,40
412,39
412,38
412,37
412,36
412,35
412,34
412,33
412,32
412,31
412,30
412,29
412,28
412,27
412,26
412,25
412,24
412,23
412,22
412,21
412,20
412,19
412,18
412,17
412,16
412,15
412,14
412,13
412,12
412,11
412,10
412,9
412,8
412,7
412,6
412,5
412,4
412,3
412,2
412,1
412,0
411,49
411,48
411,47
411,46
411,45
411,44
411,43
411,42
411,41
411,40
411,39
411,38
411,37
411,36
411,35
411,34
411,33
411,32
411,31
411,30
411,29
411,28
411,27
411,26
411,25
411,24
411,23
411,22
411,21
411,20
411,19
411,18
411,17
411,16
411,15
411,14
411,13
411,12
411,11
411,10
411,9
411,8
411,7
411,6
411,5
411,4
411,3
411,2
411,1
411,0
410,48
410,47
410,46
410,45
410,44
410,43
410,42
410,41
410,40
410,39
410,38
410,37
410,36
410,35
410,34
410,33
410,32
410,31
410,30
410,29
410,28
410,27
410,26
410,25
410,24
410,23
410,22
410,21
410,20
410,19
410,18
410,17
410,16
410,15
410,14
410,13
410,12
410,11
410,10
410,9
410,8
410,7
410,6
410,5
410,4
410,3
410,2
410,1
410,0
409,5
409,4
409,3
409,2
409,1
409,0
0,310
0,305
0,308
0,307
0,302
0,304
0,303
0,12
0,10
0,8
0,0
0,522
0,485
0,300
0,410
0,403
0,299
0,402
0,298
0,434
0,401
0,297
0,543
0,409
0,296
0,404
0,400
0,295
0,521
0,481
0,294
0,542
0,406
0,293
0,398
0,397
0,292
0,520
0,399
0,291
0,519
0,527
0,290
0,423
0,396
0,289
0,395
0,288
0,392
0,394
0,287
0,391
0,518
0,286
0,393
0,285
0,562
0,284
0,516
0,509
0,283
0,385
0,390
0,282
0,566
0,508
0,281
0,515
0,280
0,483
0,389
0,279
0,388
0,278
0,505
0,387
0,277
0,514
0,506
0,276
0,386
0,275
0,469
0,498
0,274
0,468
0,465
0,273
0,438
0,383
0,272
0,489
0,467
0,271
0,470
0,511
0,270
0,466
0,382
0,269
0,384
0,381
0,268
0,457
0,380
0,267
0,495
0,379
0,266
0,510
0,503
0,265
0,567
0,378
0,264
0,461
0,349
0,263
0,460
0,419
0,262
0,455
0,375
0,261
0,560
0,459
0,260
0,548
0,551
0,259
0,528
0,374
0,258
0,572
0,373
0,257
0,571
0,372
0,256
0,570
0,371
0,255
0,507
0,254
0,568
0,370
0,253
0,456
0,453
0,252
0,561
0,490
0,251
0,565
0,367
0,250
0,454
0,249
0,535
0,546
0,248
0,368
0,366
0,247
0,488
0,365
0,246
0,541
0,364
0,245
0,472
0,363
0,244
0,540
0,362
2,0
0,243
2,3
0,322
0,330
0,333
1,0
1,3
0,348
0,352
407,0
0,358
407,3
0,376
0,405
0,408
0,424
0,442
0,452
0,478
0,480
0,491
0,493
0,494
0,497
0,539
0,573
2,2
3,0
3,3
388,0
388,2
388,3
388,5
388,7
388,8
389,0
389,1
389,3
389,4
390,1
390,3
390,4
391,1
391,2
391,4
392,1
392,2
392,4
393,0
393,2
394,0
394,1
394,3
394,4
395,1
395,2
396,0
396,2
396,3
397,0
397,1
397,3
398,0
398,1
398,3
398,4
399,1
399,2
399,4
399,6
399,7
399,9
399,10
399,12
399,14
399,15
399,17
399,18
399,20
399,21
399,23
399,25
399,26
399,28
399,29
399,31
399,33
399,34
399,36
399,37
399,39
399,41
399,42
399,44
399,45
399,47
399,48
399,50
399,52
399,53
400,1
400,2
400,4
400,6
400,7
400,9
400,10
400,12
400,13
400,15
401,1
401,2
402,0
402,1
402,3
403,0
403,1
403,3
403,4
404,1
404,2
404,4
405,0
405,1
405,3
405,4
406,1
406,3
406,4
407,4
407,5
407,7
407,8
408,0
408,2
408,3
408,4
408,1
407,9
407,6
407,2
406,2
406,0
405,2
404,5
404,3
404,0
403,2
402,4
402,2
401,3
401,0
400,14
400,11
400,8
400,5
400,3
400,0
399,51
399,49
399,46
399,43
399,40
399,38
399,35
399,32
399,30
399,27
399,24
399,22
399,19
399,16
399,13
399,11
399,8
399,5
399,3
399,0
398,2
397,4
397,2
396,4
396,1
395,3
395,0
394,2
393,3
393,1
392,3
392,0
391,3
391,0
390,2
390,0
389,2
388,9
388,6
388,4
388,1
3,1
2,4
0,569
0,496
0,492
0,487
0,458
0,441
0,413
407,1
0,369
0,353
1,1
0,340
2,1
2,5
0,319
0,9
0,242
0,550
0,361
0,241
0,538
0,504
0,240
0,537
0,360
0,239
0,451
0,549
0,238
0,450
0,525
0,237
0,534
0,357
0,236
0,533
0,502
0,235
0,547
0,416
0,234
0,356
0,233
0,355
0,232
0,564
0,354
0,231
0,531
0,536
0,230
0,445
0,484
0,229
0,486
0,351
0,228
0,443
0,530
0,227
0,377
0,350
0,226
0,501
0,476
0,225
0,440
0,529
0,224
0,347
0,223
0,517
0,439
0,222
0,462
0,500
0,221
0,464
0,346
0,220
0,345
0,219
0,556
0,344
0,218
0,553
0,545
0,217
0,435
0,343
0,216
0,433
0,449
0,215
0,432
0,471
0,214
0,213
0,342
0,429
0,212
0,341
0,499
0,211
0,479
0,339
0,210
0,338
0,209
0,334
0,337
0,208
0,555
0,336
0,207
0,431
0,428
0,206
0,335
0,205
0,427
0,574
0,204
0,524
0,475
0,203
0,448
0,332
0,202
0,523
0,477
0,201
0,559
0,329
0,200
0,447
0,331
0,199
0,422
0,318
0,198
0,482
0,197
0,444
0,328
0,196
0,473
0,418
0,195
0,558
0,359
0,194
0,552
0,327
0,193
0,436
0,326
0,192
0,526
0,325
0,63
0,512
0,324
0,62
0,437
0,323
0,61
0,474
0,321
0,60
0,544
0,430
0,59
0,513
0,320
0,58
0,563
0,407
0,57
0,557
0,532
0,56
0,426
0,317
0,55
0,425
0,415
0,54
0,421
0,414
0,53
0,316
0,52
0,575
0,315
0,51
0,420
0,314
0,50
0,446
0,313
0,49
0,412
0,312
0,48
0,463
0,311
0,47
0,417
0,309
0,46
0,411
0,306
0,45
0,554
0,301
0,6
0,5
0,1
0,11
0,4
0,2
0,3
0,7
